0.000000000000000000e+00
4.997916927067833082e-02
9.983341664682815475e-02
1.494381324735992445e-01
1.986693307950612164e-01
2.474039592545229371e-01
2.955202066613396017e-01
3.428978074554513977e-01
3.894183423086505225e-01
4.349655341112302342e-01
4.794255386042030054e-01
5.226872289306592201e-01
5.646424733950354824e-01
6.051864057360395455e-01
6.442176872376911279e-01
6.816387600233341226e-01
7.173560908995227914e-01
7.512804051402927064e-01
7.833269096274834142e-01
8.134155047893737445e-01
8.414709848078965049e-01
8.674232255940169667e-01
8.912073600614354163e-01
9.127639402605211005e-01
9.320390859672263995e-01
9.489846193555862008e-01
9.635581854171929583e-01
9.757233578266590879e-01
9.854497299884602546e-01
9.927129910375884769e-01
9.974949866040544455e-01
9.997837641893569938e-01
9.995736030415051099e-01
9.968650284539188888e-01
9.916648104524685703e-01
9.839859468739369230e-01
9.738476308781951474e-01
9.612752029752998917e-01
9.463000876874144707e-01
9.289597150038692019e-01
9.092974268256817094e-01
8.873623686333752536e-01
8.632093666488737105e-01
8.368987907984977159e-01
8.084964038195900926e-01
7.780731968879212035e-01
7.457052121767200337e-01
7.114733527908443378e-01
6.754631805511506215e-01
6.377647021345036471e-01
5.984721441039564382e-01
5.576837173914166446e-01
5.155013718214641605e-01
4.720305412898822550e-01
4.273798802338297786e-01
3.816609920523317268e-01
3.349881501559046626e-01
2.874780123425443867e-01
2.392493292139819816e-01
1.904226473610270420e-01
1.411200080598672135e-01
9.146464223243674918e-02
4.158066243329049116e-02
-8.407247367149062525e-03
-5.837414342758008579e-02
-1.081951345301083722e-01
-1.577456941432486548e-01
-2.069019716733997427e-01
-2.555411020268316680e-01
-3.035415127084293285e-01
-3.507832276896198365e-01
-3.971481672859601963e-01
-4.425204432948524613e-01
-4.867866486556997607e-01
-5.298361409084934026e-01
-5.715613187423437269e-01
-6.118578909427192514e-01
-6.506251370651673360e-01
-6.877661591839741018e-01
-7.231881240865121185e-01
-7.568024953079282025e-01
-7.885252544261950325e-01
-8.182771110644108115e-01
-8.459837010754465147e-01
-8.715757724135881901e-01
-8.949893582285834981e-01
-9.161659367494549011e-01
-9.350525775584493937e-01
-9.516020738895161202e-01
-9.657730606206388346e-01
-9.775301176650970092e-01
-9.868438585032365262e-01
-9.936910036334645202e-01
-9.980544387588794475e-01
-9.999232575641008314e-01
-9.992927889753779880e-01
-9.961646088358405704e-01
-9.905465359667131597e-01
-9.824526126243324775e-01
-9.719030694018208072e-01
-9.589242746631384540e-01
-9.435486686359063624e-01
-9.258146823277321191e-01
-9.057666414687044476e-01
-8.834546557201531369e-01
-8.589344934265920051e-01
-8.322674422239008107e-01
-8.035201558521553045e-01
-7.727644875559871451e-01
-7.400773104888943577e-01
-7.055403255703919241e-01
-6.692398572762613407e-01
-6.312666378723208460e-01
-5.917155806310093746e-01
-5.506855425976375784e-01
-5.082790774992582694e-01
-4.646021794137565886e-01
-4.197640178398588939e-01
-3.738766648302360163e-01
-3.270548148697406399e-01
-2.794154981989258602e-01
-2.310777882993913790e-01
-1.821625042720950161e-01
-1.327919088525167379e-01
-8.308940281749639667e-02
-3.317921654755681682e-02
1.681390048435060097e-02
6.676499152155634942e-02
1.165492048504936373e-01
1.660421058649572124e-01
2.151199880878155168e-01
2.636601823727792171e-01
3.115413635133786885e-01
3.586438534928003685e-01
4.048499206165983022e-01
4.500440737806176150e-01
4.941133511386089361e-01
5.369476024480117626e-01
5.784397643882001061e-01
6.184861281630239516e-01
6.569865987187890610e-01
6.938449449297643401e-01
7.289690401258764885e-01
7.622710923614112177e-01
7.936678638491531101e-01
8.230808790115055062e-01
8.504366206285648433e-01
8.756667135928826173e-01
8.987080958116269169e-01
9.195031758289706758e-01
9.379999767747388972e-01
9.541522662795151044e-01
9.679196720314865443e-01
9.792677826861999613e-01
9.881682338770003682e-01
9.945987791111761123e-01
9.985433453746049848e-01
9.999920733059187716e-01
9.989413418397720124e-01
9.953937772576199050e-01
9.893582466233817874e-01
9.808498356203995128e-01
9.698898108450862976e-01
9.565055666515090982e-01
9.407305566797725671e-01
9.226042102393402500e-01
9.021718337562932843e-01
8.794844975308648838e-01
8.545989080882805400e-01
8.275772664419830393e-01
7.984871126234902583e-01
7.674011568674872219e-01
7.343970978741133360e-01
6.995574286026680078e-01
6.629692300821820039e-01
6.247239537541924292e-01
5.849171928917616947e-01
5.436484436660883324e-01
5.010208564578846335e-01
4.571409780351542440e-01
4.121184852417565936e-01
3.660659108624110258e-01
3.190983623493521271e-01
2.713332341136327486e-01
2.228899141002459172e-01
1.738894853804335561e-01
1.244544235070617066e-01
7.470829038953477608e-02
2.477542545335776475e-02
-2.521936514366049722e-02
-7.515112046180930094e-02
-1.248950371167523166e-01
-1.743267812229813973e-01
-2.233227991637838916e-01
-2.717606264109441727e-01
-3.195191936222736562e-01
-3.664791292519283816e-01
-4.125230579170943157e-01
-4.575358937753213340e-01
-5.014051281791989112e-01
-5.440211108893697745e-01
-5.852773241430363482e-01
-6.250706488928834403e-01
-6.633016225509980046e-01
-6.998746875935436540e-01
-7.346984304047954328e-01
-7.676858097635824718e-01
-7.987543744010014990e-01
-8.278264690856537156e-01
-8.548294287212837572e-01
-8.796957599716700438e-01
-9.023633099588236339e-01
-9.227754216128073450e-01
-9.408810752849078307e-01
-9.566350162701884319e-01
-9.699978679206785470e-01
-9.809362300664915546e-01
-9.894227624988513048e-01
-9.954362533063774165e-01
-9.989616718938169049e-01
-9.999902065507034754e-01
-9.985192864760453757e-01
-9.945525882039890631e-01
-9.881000264143980916e-01
-9.791777291513169557e-01
-9.678079975112614530e-01
-9.540192499020889727e-01
-9.378459510117820308e-01
-9.193285256646757109e-01
-8.985132577804478826e-01
-8.754521746884285083e-01
-8.502029170863663055e-01
-8.228285949687078604e-01
-7.933976298844770403e-01
-7.619835839190320925e-01
-7.286649758271700472e-01
-6.935250847771223803e-01
-6.566517421960139655e-01
-6.181371122370332705e-01
-5.780774614170436365e-01
-5.365729180004349397e-01
-4.937272217305974653e-01
-4.496474645345998611e-01
-4.044438228491401000e-01
-3.582292822368270402e-01
-3.111193549811273051e-01
-2.632317913658009378e-01
-2.146862853605269461e-01
-1.656041754483094097e-01
-1.161081413424566861e-01
-6.632189735120068430e-02
-1.636988315634136520e-02
3.362304722113847177e-02
8.353193749110818245e-02
1.332320414199439640e-01
1.825991346311340024e-01
2.315098251015389463e-01
2.798418615771762208e-01
3.274744391376930297e-01
3.742885011457584010e-01
4.201670368266409161e-01
4.649953737342212290e-01
5.086614643723752494e-01
5.510561662553664641e-01
5.920735147072244686e-01
6.316109877182386478e-01
6.695697621966023583e-01
7.058549609746657127e-01
7.403758899524486292e-01
7.730462647856614078e-01
8.037844265516209674e-01
8.325135458540396938e-01
8.591618148564967861e-01
8.836626267646351396e-01
9.059547423084626239e-01
9.259824428086271819e-01
9.436956694441047677e-01
9.590501483731761478e-01
9.720075013949759368e-01
9.825353418750099044e-01
9.906073556948703507e-01
9.962033670238317207e-01
9.993093887479177484e-01
9.999176574304030618e-01
9.980266527163615953e-01
9.936411011327626053e-01
9.867719642746133335e-01
9.774364114066822484e-01
9.656577765492774246e-01
9.514655001553473657e-01
9.348950555246829941e-01
9.159878601391392428e-01
8.947911721405034102e-01
8.713579722097511970e-01
8.457468311429333641e-01
8.180217634546941285e-01
7.882520673753162788e-01
7.565121516412409708e-01
7.228813495119760235e-01
6.874437204782591904e-01
6.502878401571168254e-01
6.115065788989407780e-01
5.711968696599871720e-01
5.294594657204643173e-01
4.863986888537981113e-01
4.421221685765394094e-01
3.967405731306120620e-01
3.503673328703544310e-01
3.031183567457022554e-01
2.551117425901726632e-01
2.064674819377965986e-01
1.573071601067602410e-01
1.077536522994422957e-01
5.793081647839480597e-02
7.963183785935567041e-03
-4.202435271884079337e-02
-9.190685022768163570e-02
-1.415596284751156064e-01
-1.908585813741893733e-01
-2.396804872170571477e-01
-2.879033166650653008e-01
-3.354065377585613295e-01
-3.820714171840091100e-01
-4.277813170454444203e-01
-4.724219863984661649e-01
-5.158818468181093353e-01
-5.580522712867793667e-01
-5.988278557052371109e-01
-6.381066823479502048e-01
-6.757905746043267881e-01
-7.117853423691230530e-01
-7.460010174686367845e-01
-7.783520785342984416e-01
-8.087576647615507541e-01
-8.371417780197467629e-01
-8.634334728079056109e-01
-8.875670335815045719e-01
-9.094821390071251566e-01
-9.291240127343697308e-01
-9.464435603082089754e-01
-9.613974918795568092e-01
-9.739484304073406928e-01
-9.840650050816434069e-01
-9.917219297343894402e-01
-9.969000660415960891e-01
-9.995864713592171880e-01
-9.997744310730111161e-01
-9.974634753815808663e-01
-9.926593804706327351e-01
-9.853741540755202033e-01
-9.756260054681575866e-01
-9.634392999433259996e-01
-9.488444979181239747e-01
-9.318780787967886337e-01
-9.125824497911845246e-01
-8.910058399248533823e-01
-8.672021794855813148e-01
-8.412309652277598637e-01
-8.131571116614864092e-01
-7.830507888000987071e-01
-7.509872467716761646e-01
-7.170466277329218263e-01
-6.813137655554999395e-01
-6.438779737855393481e-01
-6.048328224062841096e-01
-5.642759039618552297e-01
-5.223085896267315453e-01
-4.790357758305960889e-01
-4.345656220718935314e-01
-3.890092805754154504e-01
-3.424806184696125300e-01
-2.950959331780937944e-01
-2.469736617366208864e-01
-1.982340847622030555e-01
-1.489990258141987989e-01
-9.939154689884817373e-02
-4.953564087836741930e-02
4.440784466461913178e-04
5.042268780681476853e-02
1.002752667070909570e-01
1.498772096629523431e-01
1.991045376491982211e-01
2.478342079829598255e-01
2.959444218663244142e-01
3.433149288198987237e-01
3.898273272463785855e-01
4.353653603728931953e-01
4.798152068323722208e-01
5.230657651576994249e-01
5.650089314775169624e-01
6.055398697196010538e-01
6.445572736464568742e-01
6.819636200681356009e-01
7.176654125994315070e-01
7.515734153521506089e-01
7.836028759783553177e-01
8.136737375071053657e-01
8.417108384451783554e-01
8.676441006416690804e-01
8.914087044468682608e-01
9.129452507276276663e-01
9.321999093342651088e-01
9.491245536478946088e-01
9.636768808719164969e-01
9.758205177669763142e-01
9.855251115651196825e-01
9.927664058359071397e-01
9.975263011148542969e-01
9.997929001426693052e-01
9.995605376022044242e-01
9.968297942787992527e-01
9.916074956086181613e-01
9.839066946186161289e-01
9.737466393007685461e-01
9.611527245021155297e-01
9.461564284508707789e-01
9.287952340772404058e-01
9.091125353256239716e-01
8.871575286923494286e-01
8.629850902600534335e-01
8.366556385360560677e-01
8.082349834375501807e-01
7.777941618010928426e-01
7.454092598275017245e-01
7.111612229059799395e-01
6.751356532928010079e-01
6.374225961502388849e-01
5.981163144805718979e-01
5.573150535176584208e-01
5.151207951650199623e-01
4.716390030941961520e-01
4.269783591404783252e-01
3.812504916549401268e-01
3.345696964916823890e-01
2.870526513277250613e-01
2.388181240295827457e-01
1.899866757954377372e-01
1.406803598149521939e-01
9.102241619984433041e-02
4.113696394779486204e-02
-8.851309290403876207e-03
-5.881745886505292120e-02
-1.086365954240797599e-01
-1.581841970713915857e-01
-2.073364206067622451e-01
-2.559704110693330481e-01
-3.039646088110470323e-01
-3.511990533324415020e-01
-3.975556831214361320e-01
-4.429186307456245419e-01
-4.871745124605095234e-01
-5.302127116098278581e-01
-5.719256551095638352e-01
-6.122090823246492119e-01
-6.509623056662495744e-01
-6.880884622582968957e-01
-7.234947560442449577e-01
-7.570926897288675628e-01
-7.887982859754185672e-01
-8.185322973052372442e-01
-8.462204041751706374e-01
-8.717934007377352579e-01
-8.951873678196817785e-01
-9.163438326866479855e-01
-9.352099151945402200e-01
-9.517384599623535113e-01
-9.658881542360704398e-01
-9.776236311490237307e-01
-9.869155581206493499e-01
-9.937407101726600800e-01
-9.980820279793962690e-01
-9.999286605072562617e-01
-9.992759921366276554e-01
-9.961256541985339386e-01
-9.904855208971559133e-01
-9.823696896284233038e-01
-9.717984457438633150e-01
-9.587982118477905713e-01
-9.434014817545542941e-01
-9.256467392709255559e-01
-9.055783620066237827e-01
-8.832465104533981926e-01
-8.587070026099294928e-01
-8.320211744658978503e-01
-8.032557266939526208e-01
-7.724825579327705416e-01
-7.397785850778934025e-01
-7.052255510295609708e-01
-6.689098203780216023e-01
-6.309221635370374504e-01
-5.913575298651243539e-01
-5.503148103415937964e-01
-5.078965903906220714e-01
-4.642088934711048331e-01
-4.193609160732281183e-01
-3.734647547841147275e-01
-3.266351261047222287e-01
-2.789890797183531834e-01
-2.306457059273922250e-01
-1.817258379895743958e-01
-1.323517500977730299e-01
-8.264685175818273222e-02
-3.273537933084531837e-02
1.725791449656321683e-02
6.720807252547847388e-02
1.169902453743640464e-01
1.664800035371592490e-01
2.155536483922213253e-01
2.640885213844728630e-01
3.119633106079063856e-01
3.590583540221682912e-01
4.052559385453540775e-01
4.504405942753892944e-01
4.944993831046627375e-01
5.373221810064747750e-01
5.788019532877501927e-01
6.188350221200392687e-01
6.573213256800776172e-01
6.941646682522445433e-01
7.292729606677514909e-01
7.625584504796026897e-01
7.939379412980213102e-01
8.233330007380815774e-01
8.506701564598344589e-01
8.758810798108910278e-01
8.989027566124672131e-01
9.196776446620198442e-01
9.381538175587758044e-01
9.542850944926980494e-01
9.680311556724584543e-01
9.793576431039170416e-01
9.882362464672176383e-01
9.946447738778381176e-01
9.985672073547486871e-01
9.999937428570206954e-01
9.989208147888241074e-01
9.953511049115590925e-01
9.892935356408498748e-01
9.807632477451521114e-01
9.697815625017169872e-01
9.563759284045030284e-01
9.405798525572319768e-01
9.224328169230857632e-01
9.019801796403562610e-01
8.792730616507226094e-01
8.543682189235223268e-01
8.273279005953786402e-01
7.982196933797879312e-01
7.671163526355277984e-01
7.340956205161524029e-01
6.992400316550977379e-01
6.626367068720717679e-01
6.243771354163913934e-01
5.845569462914962378e-01
5.432756692322449066e-01
5.006364859324150540e-01
4.567459721441928244e-01
4.117138312943141587e-01
3.656526202826180239e-01
3.186774681484187965e-01
2.709057883078690443e-01
2.224569850815533989e-01
1.734521552458921090e-01
1.240137853542523094e-01
7.426544558435776988e-02
2.433148087720227171e-02
-2.566329986055948878e-02
-7.559393571385805699e-02
-1.253356260964326452e-01
-1.747640426872983932e-01
-2.237556401867964173e-01
-2.721879651155156843e-01
-3.199399618841980986e-01
-3.668922753696811645e-01
-4.129275492405433678e-01
-4.579307192868114496e-01
-5.017893010205740634e-01
-5.443936708286014614e-01
-5.856373399743004526e-01
-6.254172207640943393e-01
-6.636338842129675397e-01
-7.001918085651567258e-01
-7.349996180487776698e-01
-7.679703112676781185e-01
-7.990214786596159247e-01
-8.280755084772445374e-01
-8.550597807770702330e-01
-8.799068489314787467e-01
-9.025546082101869594e-01
-9.229464510097230567e-01
-9.410314083429535126e-01
-9.567642772350115621e-01
-9.701057337071853359e-01
-9.810224310663907543e-01
-9.894870832545356043e-01
-9.954785330494551054e-01
-9.989818049469494365e-01
-9.999881425917429567e-01
-9.984950306638145090e-01
-9.945062011653859058e-01
-9.880316240928618265e-01
-9.790874825170278184e-01
-9.676961321338052313e-01
-9.538860453866513378e-01
-9.376917403002799078e-01
-9.191536942035772872e-01
-8.983182425573547070e-01
-8.752374631398356364e-01
-8.499690458793262016e-01
-8.225761486594405092e-01
-7.931272394572851381e-01
-7.616959252091660693e-01
-7.283607678315934253e-01
-6.932050878573968733e-01
-6.563167561777877301e-01
-6.177879744108959459e-01
-5.777150444457317402e-01
-5.361981277376322019e-01
-4.933409949567751918e-01
-4.492507666155497459e-01
-4.040376453230650200e-01
-3.578146403360074612e-01
-3.106972850943722220e-01
-2.628033484480192250e-01
-2.142525402958842251e-01
-1.651662123735790078e-01
-1.156670549372369322e-01
-6.587879010178950001e-02
-1.592586260009824783e-02
3.406687126406435229e-02
8.397445569174682989e-02
1.336721477132545854e-01
1.830357289805880083e-01
2.319418162486348578e-01
2.802681697690229679e-01
3.278939988258263161e-01
3.747002636494620176e-01
4.205699729540990361e-01
4.653884763549586134e-01
5.090437509345638878e-01
5.514266812416905861e-01
5.924313320231828772e-01
6.319552130068849527e-01
6.698995350739826993e-01
7.061694571803344145e-01
7.406743234096739847e-01
7.733278895662251129e-01
8.040485387402355189e-01
8.327594853077797676e-01
8.593889668548144734e-01
8.838704235458306746e-01
9.061426644888036508e-01
9.261500206805285407e-01
9.438424841501592555e-01
9.591758329530803984e-01
9.721117417027340668e-01
9.826178773641408570e-01
9.906679800696338578e-01
9.962419287548636149e-01
9.993257914509735551e-01
9.999118601072671808e-01
9.979986698573225512e-01
9.935910026803949080e-01
9.866998754489578749e-01
9.773425123922586666e-01
9.655423020447212457e-01
9.513287387867804812e-01
9.347373491243045063e-01
9.158096028908190300e-01
8.945928095945248071e-01
8.711400001691763650e-01
8.455097944243432639e-01
8.177662545264418048e-01
7.879787248766568775e-01
7.562216587860629557e-01
7.225744323811349457e-01
6.871211462047391860e-01
6.499504150086119481e-01
6.111551462625960385e-01
5.708323079343654571e-01
5.290826861200238485e-01
4.860106331313124306e-01
4.417238066692237841e-01
3.963329007357736522e-01
3.499513689566621788e-01
3.026951410063154491e-01
2.546823328440281919e-01
2.060329514856326649e-01
1.568685950484099978e-01
1.073121488191443179e-01
5.748747810492456367e-02
7.519118634335250108e-03
-4.246803471695152071e-02
-9.234904009837086036e-02
-1.419992209740016942e-01
-1.912944777489551940e-01
-2.401115979537813971e-01
-2.883285642114191138e-01
-3.358248592171418911e-01
-3.824817669690342425e-01
-4.281826694961510249e-01
-4.728133383427572944e-01
-5.162622200799269478e-01
-5.584207151310637274e-01
-5.991834492142652513e-01
-6.384485367231333974e-01
-6.761178353877694835e-01
-7.120971915792927431e-01
-7.462966756449163075e-01
-7.786308066852275500e-01
-8.090187662119064926e-01
-8.373846001518883142e-01
-8.636574086929560412e-01
-8.877715234963751145e-01
-9.096666718335282287e-01
-9.292881272363390233e-01
-9.465868462849627019e-01
-9.615195911907714610e-01
-9.740490378683264172e-01
-9.841438692261448296e-01
-9.917788534431157821e-01
-9.969349070349218245e-01
-9.995991425528029106e-01
-9.997649007954723110e-01
-9.974317674536479217e-01
-9.926055741456127901e-01
-9.852983838412026074e-01
-9.755284607106693429e-01
-9.633202244737608666e-01
-9.487041893631407152e-01
-9.317168878547055222e-01
-9.124007793554061996e-01
-8.908041440768613706e-01
-8.669809623599548098e-01
-8.409907797521015693e-01
-8.128985581744032629e-01
-7.827745135506499752e-01
-7.506939403041105185e-01
-7.167370231606574604e-01
-6.809886367287236730e-01
-6.435381333569994977e-01
-6.044791198000581955e-01
-5.639092232502624924e-01
-5.219298473205875588e-01
-4.786459185884149869e-01
-4.341656243337532195e-01
-3.886001421273367895e-01
-3.420633619446503682e-01
-2.946716015002576183e-01
-2.465433155141108224e-01
-1.977987996364622691e-01
-1.485598897713390765e-01
-9.894965755028954646e-02
-4.909210271734977538e-02
8.881568057175921174e-04
5.086619639930669429e-02
1.007170969925076098e-01
1.503162572956703302e-01
1.995397052387873904e-01
2.482644078370840612e-01
2.963685787093853219e-01
3.437319824806919777e-01
3.902362353079461554e-01
4.357651007780332097e-01
4.802047804382589824e-01
5.234441982331979881e-01
5.653752781370287028e-01
6.058932142872639481e-01
6.448967329448727082e-01
6.822883456258399537e-01
7.179745927716441045e-01
7.518662773494638740e-01
7.838786877982929502e-01
8.139318097637595617e-01
8.419505260923049184e-01
8.678648045849773895e-01
8.916098730414439011e-01
9.131263811567490452e-01
9.323605488661915741e-01
9.492643007674532729e-01
9.637953862840877850e-01
9.759174852699480374e-01
9.856002987906330448e-01
9.928196248550557046e-01
9.975574189078051379e-01
9.998018389311462695e-01
9.995472750438917364e-01
9.967943635231856225e-01
9.915499852141400616e-01
9.838272483313099670e-01
9.736454556949780681e-01
9.610300564841582904e-01
9.460125826269081273e-01
9.286305699869173980e-01
9.089274645434137767e-01
8.869525137988247820e-01
8.627606436856751770e-01
8.364123212803723506e-01
8.079734036669810049e-01
7.775149733288405640e-01
7.451131604793488350e-01
7.108489527760863957e-01
6.748079928938668370e-01
6.370803644626163997e-01
5.977603669052548030e-01
5.569462797382114250e-01
5.147401169238320362e-01
4.712473718886198149e-01
4.265767538445667251e-01
3.808399160727874988e-01
3.341511768484205502e-01
2.866272337044946661e-01
2.383868717488920597e-01
1.895506667633931330e-01
1.402406838270716105e-01
9.058017221711874012e-02
4.069325734985775739e-02
-9.295369468132029175e-03
-5.926076270339342145e-02
-1.090780348942978484e-01
-1.586226688047089883e-01
-2.077708286522043368e-01
-2.563996696330180236e-01
-3.043876449701226616e-01
-3.516148097168163011e-01
-3.979631205566709906e-01
-4.433167308503271897e-01
-4.875622801917415261e-01
-5.305891777502096396e-01
-5.722898786897981926e-01
-6.125601529754698404e-01
-6.512993458938689528e-01
-6.884106296376704126e-01
-7.238012453247080202e-01
-7.573827348468307186e-01
-7.890711619691399559e-01
-8.187873221268476831e-01
-8.464569403954284033e-01
-8.720108571392771735e-01
-8.953852008747495983e-01
-9.165215479156337830e-01
-9.353670684019267378e-01
-9.518746583469646083e-01
-9.660030573728762837e-01
-9.777169518400209425e-01
-9.869870631127111160e-01
-9.937902207405465704e-01
-9.981094203724717451e-01
-9.999338662588037607e-01
-9.992589982349793232e-01
-9.960865031195940134e-01
-9.904243104982316526e-01
-9.822865729036345250e-01
-9.716936304417348458e-01
-9.586719599519926138e-01
-9.432541088290760101e-01
-9.254786136713279987e-01
-9.053899039593489295e-01
-8.830381910054154737e-01
-8.584793424513715854e-01
-8.317747426285982959e-01
-8.029911391291615352e-01
-7.722004759716072364e-01
-7.394797137783531982e-01
-7.049106374142480869e-01
-6.685796515669708562e-01
-6.305775647803225636e-01
-5.909993624801762602e-01
-5.499439695603417499e-01
-5.075140031218952075e-01
-4.638155159838273645e-01
-4.189577316062449985e-01
-3.730527710886221149e-01
-3.262153729253985945e-01
-2.785626062195502572e-01
-2.302135780707540713e-01
-1.812891358696878119e-01
-1.319115652425111584e-01
-8.220428440043632545e-02
-3.229153565853119801e-02
1.770192510541357747e-02
6.765114027558628840e-02
1.174312628270957337e-01
1.669178683785638995e-01
2.159872661882240863e-01
2.645168083164075035e-01
3.123851961814975153e-01
3.594727837431922479e-01
4.056618765553423600e-01
4.508370259407188940e-01
4.948853175526281012e-01
5.376966536019529563e-01
5.791640280442709177e-01
6.191837940392789230e-01
6.576559230138694367e-01
6.944842546815092055e-01
7.295767373928583321e-01
7.628456582169402811e-01
7.942078621778232428e-01
8.235849600987162900e-01
8.509035245341184384e-01
8.760952733001781123e-01
8.990972401445820328e-01
9.198519321294186257e-01
9.383074733335543538e-01
9.544177345154423175e-01
9.681424484121911034e-01
9.794473103867480379e-01
9.883040641716380748e-01
9.946905724949046679e-01
9.985908724117704693e-01
9.999952152036800657e-01
9.989000907450210631e-01
9.953082362766099145e-01
9.892286295640171367e-01
9.806764664578256907e-01
9.696731229119189832e-01
9.562461015547344401e-01
9.404289629470035106e-01
9.222612416978436256e-01
9.017883476488092187e-01
8.790614523729423091e-01
8.541373612725007280e-01
8.270783715950129622e-01
7.979521167226308886e-01
7.668313971238713833e-01
7.337939983903691843e-01
6.989224968134227778e-01
6.623040529862375125e-01
6.240301939478750670e-01
5.841965844132855912e-01
5.429027876613569115e-01
5.002520166785869860e-01
4.563508761803282687e-01
4.113090961545671220e-01
3.652392575940560104e-01
3.182565111024814875e-01
2.704782890779443560e-01
2.220240121930754373e-01
1.730147909056010680e-01
1.235731227452240011e-01
7.382258613361508681e-02
2.388753150273885753e-02
-2.610722951651539905e-02
-7.603673605835356564e-02
-1.257761903592125030e-01
-1.752012696871541320e-01
-2.241884370839282992e-01
-2.726152501430805786e-01
-3.203606670521459976e-01
-3.673053491341913279e-01
-4.133319591323357245e-01
-4.583254544917658713e-01
-5.021733749062553542e-01
-5.447661234103110539e-01
-5.859972403145538022e-01
-6.257636692994791305e-01
-6.639660150025692431e-01
-7.005087914549743555e-01
-7.353006607466630040e-01
-7.682546613236668209e-01
-7.992884253466591149e-01
-8.283243845676454553e-01
-8.552899642102169686e-01
-8.801177643686619589e-01
-9.027457284726566611e-01
-9.231172983963595868e-01
-9.411815558242644375e-01
-9.568933495204897666e-01
-9.702134081833347912e-01
-9.811084386030970439e-01
-9.895512088777502768e-01
-9.955206164785154188e-01
-9.990017409951994498e-01
-9.999858814294444453e-01
-9.984705779426956695e-01
-9.944596180045146561e-01
-9.879630269258803388e-01
-9.789970428011283143e-01
-9.675840759211785658e-01
-9.537526527594718528e-01
-9.375373446706437575e-01
-9.189786814801520487e-01
-8.981230501808025179e-01
-8.750225789894466866e-01
-8.497350070535673039e-01
-8.223235401334871852e-01
-7.928566926208983068e-01
-7.614081162885362186e-01
-7.280564161991388561e-01
-6.928849542336956713e-01
-6.559816407301716223e-01
-6.174387147534617926e-01
-5.773525135457293622e-01
-5.358232317335148709e-01
-4.929546708933113530e-01
-4.488539801016981912e-01
-4.036313881184711017e-01
-3.573999278721046724e-01
-3.102751539363488575e-01
