0.000000000000000000e+00
-9.589242746631384540e-01
-5.440211108893697745e-01
6.502878401571168254e-01
9.129452507276276663e-01
-1.323517500977730299e-01
-9.880316240928618265e-01
-4.281826694961510249e-01
7.451131604793488350e-01
8.509035245341184384e-01
-2.623748537039287676e-01
-9.997551733586198530e-01
-3.048106211022166834e-01
8.268286794901034131e-01
7.738906815578890930e-01
-3.877816354094304474e-01
-9.938886539233752204e-01
-1.760756199485870865e-01
8.939966636005578504e-01
6.832617147361209620e-01
-5.063656411097587906e-01
-9.705352835374847498e-01
-4.424267808507096472e-02
9.454353340247703130e-01
5.806111842123142797e-01
-6.160404591886564640e-01
-9.301059501867617874e-01
8.836868610400143431e-02
9.802396594403115504e-01
4.677451620451333891e-01
-7.148764296291646447e-01
-8.733119827746476105e-01
2.194252583790047284e-01
9.977972794498907172e-01
3.466494554970303010e-01
-8.011345951780407537e-01
-8.011526357338304427e-01
3.466211800942760046e-01
9.977992786806002545e-01
2.194546679940636291e-01
-8.732972972139946277e-01
-7.148975077677642842e-01
4.677185183427589599e-01
9.802456219572225349e-01
8.839871248753149169e-02
-9.300948780045253939e-01
-6.160642040533644836e-01
5.805866409896446312e-01
9.454451549211168038e-01
-4.421256322855966064e-02
-9.705280195418053424e-01
-5.063916349244909076e-01
6.832397038158507518e-01
8.940101700837942422e-01
-1.760459464712114119e-01
-9.938853259197261147e-01
-3.878094208292294787e-01
7.738715902084316589e-01
8.268456339220814355e-01
-3.047819110903029483e-01
-9.997558399011494679e-01
-2.624039418616638808e-01
8.508876886558596198e-01
7.451332645574126889e-01
-4.281554280844515614e-01
-9.880362734541701109e-01
-1.323816292054519339e-01
9.129329489429681699e-01
6.503107401625525252e-01
-5.439958173735323088e-01
-9.589328250406131682e-01
-3.014435335948845052e-05
9.589157234143065311e-01
5.440464039108651173e-01
-6.502649395607762450e-01
-9.129575516827102000e-01
1.323218708698284674e-01
9.880269738337468244e-01
4.282099105187685550e-01
-7.450930557242140262e-01
-8.509193596391765313e-01
2.623457653077783669e-01
9.997545059076305973e-01
3.048393308371545318e-01
-8.268117243068011657e-01
-7.739097722041260452e-01
3.877538496372611720e-01
9.938919810238954211e-01
1.761052932659659953e-01
-8.939831563049628338e-01
-6.832837250355234815e-01
5.063396468349012913e-01
9.705425466512560551e-01
4.427279290137973999e-02
-9.454255122693236979e-01
-5.806357269073929572e-01
6.160167137641635593e-01
9.301170215238275807e-01
-8.833865964017233174e-02
-9.802336960326742954e-01
-4.677718053224761419e-01
7.148553508409695167e-01
8.733266675417377112e-01
-2.193958485645580714e-01
-9.977952793125008935e-01
-3.466777305847904556e-01
8.011165538942743858e-01
8.011706755616272435e-01
-3.465929043765532680e-01
-9.978012770046273960e-01
-2.194840774097079894e-01
8.732826108597919745e-01
7.149185852567495614e-01
-4.676918742153771680e-01
-9.802515835834019198e-01
-8.842873879073523402e-02
9.300838049771285032e-01
6.160879483582659688e-01
-5.805620972394064383e-01
-9.454549749583541773e-01
4.418244833187319476e-02
9.705207546642247163e-01
5.064176282790739947e-01
-6.832176922747329462e-01
-8.940236757546595747e-01
1.760162728338659499e-01
9.938819970129513237e-01
3.878372058966330638e-01
-7.738524981557709514e-01
-8.268625876027195787e-01
3.047532008014393057e-01
9.997565055352189978e-01
2.624330297809572832e-01
-8.508718520044143974e-01
-7.451533679583873804e-01
4.281281862836949781e-01
9.880409219176676805e-01
1.324115081928380344e-01
-9.129206463287430351e-01
-6.503336395770625833e-01
5.439705233633755910e-01
9.589413745467227912e-01
6.028870669158526498e-05
-9.589071712941250603e-01
-5.440716964379951337e-01
6.502420383735516562e-01
9.129698518082045577e-01
-1.322919915216453912e-01
-9.880223226768295453e-01
-4.282371511522794494e-01
7.450729502920264702e-01
8.509351939710193546e-01
-2.623166766732390465e-01
-9.997538375481823669e-01
-3.048680402950903479e-01
8.267947683721899033e-01
7.739288621471249741e-01
-3.877260635127469657e-01
-9.938953072212839412e-01
-1.761349664233211876e-01
8.939696481970214048e-01
6.833057347140384374e-01
-5.063136520999420576e-01
-9.705498088831128189e-01
-4.430290767745862640e-02
9.454156896547859512e-01
5.806602690748583484e-01
-6.159929677799073078e-01
-9.301280920157127818e-01
8.830863309607146772e-02
9.802277317343164320e-01
4.677984481747630707e-01
-7.148342714031982181e-01
-8.733413515152514961e-01
2.193664385507503312e-01
9.977932782684322266e-01
3.467060053575308221e-01
-8.010985118825477702e-01
-8.011887146614145028e-01
3.465646283438877928e-01
9.978032744219704764e-01
2.195134866259111084e-01
-8.732679237120531957e-01
-7.149396620961010473e-01
4.676652296630121608e-01
9.802575443188443760e-01
8.845876501358537758e-02
-9.300727311045811074e-01
-6.161116921033394922e-01
5.805375529616217944e-01
9.454647941364737740e-01
-4.415233339503893406e-02
-9.705134889047491997e-01
-5.064436211734845150e-01
6.831956801127874179e-01
8.940371806131415244e-01
-1.759865990365776511e-01
-9.938786672030538449e-01
-3.878649906116159451e-01
7.738334053999244011e-01
8.268795405320025216e-01
-3.047244902356519569e-01
-9.997571702608277766e-01
-2.624621174617824404e-01
8.508560145797973151e-01
7.451734706822544796e-01
-4.281009440939059774e-01
-9.880455694833500946e-01
-1.324413870599041587e-01
9.129083428849631421e-01
6.503565384006261274e-01
-5.439452288589227136e-01
-9.589499231814596625e-01
-9.043305996889881751e-05
9.588986183026018129e-01
5.440969884707370641e-01
-6.502191365954637092e-01
-9.129821511040995263e-01
1.322621120532509742e-01
9.880176706221142080e-01
4.282643913966588944e-01
-7.450528441828045967e-01
-8.509510275296328086e-01
2.622875878003372851e-01
9.997531682802758279e-01
3.048967494759980412e-01
-8.267778116862850579e-01
-7.739479513868686711e-01
3.876982770359130859e-01
9.938986325155376722e-01
1.761646394206257127e-01
-8.939561392767457759e-01
-6.833277437716457348e-01
5.062876569049047371e-01
9.705570702330484911e-01
4.433302241328025695e-02
-9.454058661811658437e-01
-5.806848107146881377e-01
6.159692212359092478e-01
9.301391616624072878e-01
-8.827860647172615371e-02
-9.802217665452431783e-01
-4.678250906019699173e-01
7.148131913158698447e-01
8.733560346951757536e-01
-2.193370283376082364e-01
-9.977912763176868260e-01
-3.467342798152256433e-01
8.010804691428774493e-01
8.012067530331760112e-01
-3.465363519963052252e-01
-9.978052709326276082e-01
-2.195428956426462574e-01
8.732532357707915027e-01
7.149607382857996463e-01
-4.676385846856881412e-01
-9.802635041635443525e-01
-8.848879115605462475e-02
9.300616563868934206e-01
6.161354352885634045e-01
-5.805130081563131261e-01
-9.454746124554663789e-01
4.412221841808423861e-02
9.705062222633855651e-01
5.064696136076988209e-01
-6.831736673300342622e-01
-8.940506846592281009e-01
1.759569250793734940e-01
9.938753364900366760e-01
3.878927749741528652e-01
-7.738143119409093273e-01
-8.268964927099149431e-01
3.046957793929668812e-01
9.997578340779750272e-01
2.624912049041129847e-01
-8.508401763820225838e-01
-7.451935727289958900e-01
4.280737015151093727e-01
9.880502161512133563e-01
1.324712658066231896e-01
-9.128960386116399262e-01
-6.503794366332222854e-01
5.439199338601964362e-01
9.589584709448160105e-01
1.205774131640374687e-04
-9.588900644397447826e-01
-5.441222800090677048e-01
6.501962342265332762e-01
9.129944495703841145e-01
-1.322322324646723335e-01
-9.880130176696048094e-01
-4.282916312518822433e-01
7.450327373965665023e-01
8.509668603150022381e-01
-2.622584986890995062e-01
-9.997524981039115355e-01
-3.049254583798515217e-01
8.267608542491020618e-01
7.739670399233398168e-01
-3.876704902067846792e-01
-9.939019569066535054e-01
-1.761943122578525922e-01
8.939426295441482706e-01
6.833497522083252784e-01
-5.062616612498128665e-01
-9.705643307010562992e-01
-4.436313710881726463e-02
9.453960418484724793e-01
5.807093518268601207e-01
-6.159454741321911397e-01
-9.301502304639009955e-01
8.824857976716364572e-02
9.802158004654599743e-01
4.678517326040725344e-01
-7.147921105790036034e-01
-8.733707170814970500e-01
2.193076179251585434e-01
9.977892734602664682e-01
3.467625539578492178e-01
-8.010624256752796324e-01
-8.012247906768953376e-01
3.465080753338313224e-01
9.978072665365970151e-01
2.195723044598867357e-01
-8.732385470360203295e-01
-7.149818138258263733e-01
4.676119392834293120e-01
9.802694631174964091e-01
8.851881721811569181e-02
-9.300505808240753236e-01
-6.161591779139160563e-01
5.804884628235027488e-01
9.454844299153231102e-01
-4.409210340103647541e-02
-9.704989547401402517e-01
-5.064956055816933755e-01
6.831516539264934629e-01
8.940641878929068698e-01
-1.759272509622804570e-01
-9.938720048739027035e-01
-3.879205589842185664e-01
7.737952177787431607e-01
8.269134441364414112e-01
-3.046670682734102797e-01
-9.997584969866604165e-01
-2.625202921079225482e-01
8.508243374111047475e-01
7.452136740985932928e-01
-4.280464585473298667e-01
-9.880548619212530248e-01
-1.325011444329679544e-01
9.128837335087844895e-01
6.504023342748304071e-01
-5.438946383672199625e-01
-9.589670178367839526e-01
-1.507217662496095891e-04
9.588815097055614078e-01
5.441475710529642962e-01
-6.501733312667813403e-01
-9.130067472070471091e-01
1.322023527559366696e-01
9.880083638193057904e-01
4.283188707179246268e-01
-7.450126299333306168e-01
-8.509826923271134325e-01
2.622294093395521331e-01
9.997518270190900447e-01
3.049541670066247545e-01
-8.267438960606563469e-01
-7.739861277565210917e-01
3.876427030253871142e-01
9.939052803946284431e-01
1.762239849349748755e-01
-8.939291189992412123e-01
-6.833717600240573065e-01
5.062356651346902048e-01
9.705715902871296930e-01
4.439325176404228246e-02
-9.453862166567147396e-01
-5.807338924113519818e-01
6.159217264687744109e-01
9.301612984201839129e-01
-8.821855298241122745e-02
-9.802098334949722602e-01
-4.678783741810467189e-01
7.147710291926185899e-01
8.733853986742020625e-01
-2.192782073134279530e-01
-9.977872696961728183e-01
-3.467908277853759547e-01
8.010443814797707507e-01
8.012428275925561616e-01
-3.464797983564917305e-01
-9.978092612338769207e-01
-2.196017130776058146e-01
8.732238575077528875e-01
7.150028887161619107e-01
-4.675852934562599872e-01
-9.802754211806953277e-01
-8.854884319974129503e-02
9.300395044161370306e-01
6.161829199793759093e-01
-5.804639169632129780e-01
-9.454942465160353082e-01
4.406198834392301145e-02
9.704916863350200318e-01
5.065215970954443092e-01
-6.831296399021850041e-01
-8.940776903141655074e-01
1.758975766853254630e-01
9.938686723546552582e-01
3.879483426417878467e-01
-7.737761229134431096e-01
-8.269303948115663827e-01
3.046383568770081318e-01
9.997591589868831674e-01
2.625493790731845967e-01
-8.508084976670580168e-01
-7.452337747910284804e-01
4.280192151905922171e-01
9.880595067934651032e-01
1.325310229389113081e-01
-9.128714275764079344e-01
-6.504252313254296203e-01
5.438693423800162741e-01
9.589755638573557173e-01
1.808661191982235700e-04
-9.588729541000596823e-01
-5.441728616024037457e-01
6.501504277162284406e-01
9.130190440140771857e-01
-1.321724729270710719e-01
-9.880037090712213699e-01
-4.283461097947613982e-01
7.449925217931151478e-01
8.509985235659519587e-01
-2.622003197517215889e-01
-9.997511550258120216e-01
-3.049828753562915384e-01
8.267269371209632345e-01
7.740052148863949544e-01
-3.876149154917455930e-01
-9.939086029794594879e-01
-1.762536574519655841e-01
8.939156076420367025e-01
6.833937672188216128e-01
-5.062096685595601775e-01
-9.705788489912621220e-01
-4.442336637892795731e-02
9.453763906059015065e-01
5.807584324681412946e-01
-6.158979782456805996e-01
-9.301723655312460481e-01
8.818852611749621040e-02
9.802038656337855871e-01
4.679050153328682127e-01
-7.147499471567340112e-01
-8.734000794732774686e-01
2.192487965024431940e-01
9.977852650254078748e-01
3.468191012977800414e-01
-8.010263365563672355e-01
-8.012608637801419409e-01
3.464515210643122067e-01
9.978112550244654377e-01
2.196311214957767377e-01
-8.732091671860026105e-01
-7.150239629567871624e-01
4.675586472042042585e-01
9.802813783531355574e-01
8.857886910090416455e-02
-9.300284271630885335e-01
-6.162066614849214252e-01
5.804393705754660182e-01
9.455040622575937581e-01
-4.403187324677120679e-02
-9.704844170480314558e-01
-5.065475881489283072e-01
6.831076252571289809e-01
8.940911919229918015e-01
-1.758679022485355181e-01
-9.938653389322971154e-01
-3.879761259468354484e-01
7.737570273450266045e-01
8.269473447352745366e-01
-3.046096452037866387e-01
-9.997598200786427247e-01
-2.625784657998727067e-01
8.507926571498969359e-01
7.452538748062830232e-01
-4.279919714449211821e-01
-9.880641507678451507e-01
-1.325609013244261059e-01
9.128591208145215852e-01
6.504481277849990528e-01
-5.438440458986081305e-01
-9.589841090065237550e-01
-2.110104719824877346e-04
9.588643976232473776e-01
5.441981516573631827e-01
-6.501275235748955605e-01
-9.130313399914632422e-01
1.321425929781027409e-01
9.879990534253556556e-01
4.283733484823676885e-01
-7.449724129759383029e-01
-8.510143540315033839e-01
2.621712299256343526e-01
9.997504821240781325e-01
3.050115834288259498e-01
-8.267099774300382675e-01
-7.740243013129441962e-01
3.875871276058853176e-01
9.939119246611437530e-01
1.762833298087977396e-01
-8.939020954725471757e-01
-6.834157737925983245e-01
5.061836715244465434e-01
9.705861068134470360e-01
4.445348095344690831e-02
-9.453665636960417729e-01
-5.807829719972058546e-01
6.158742294629313552e-01
9.301834317970771870e-01
-8.815849917244585054e-02
-9.801978968819051730e-01
-4.679316560595127572e-01
7.147288644713689632e-01
8.734147594787099456e-01
-2.192193854922309948e-01
-9.977832594479733030e-01
-3.468473744950358872e-01
8.010082909050854072e-01
8.012788992396363552e-01
-3.464232434573183972e-01
-9.978132479083607898e-01
-2.196605297143728042e-01
8.731944760707829323e-01
7.150450365476830328e-01
-4.675320005272863844e-01
-9.802873346348116579e-01
-8.860889492157700276e-02
9.300173490649398245e-01
6.162304024305310657e-01
-5.804148236602841848e-01
-9.455138771399895781e-01
4.400175810960842843e-02
9.704771468791811850e-01
5.065735787421214997e-01
-6.830856099913452661e-01
-8.941046927193735394e-01
1.758382276519375731e-01
9.938620046068313840e-01
3.880039088993361140e-01
-7.737379310735109650e-01
-8.269642939075505517e-01
3.045809332537717795e-01
9.997604802619385334e-01
2.626075522879605106e-01
-8.507768158596358266e-01
-7.452739741443388244e-01
4.279647273103415750e-01
9.880687938443890594e-01
1.325907795894851748e-01
-9.128468132231364329e-01
-6.504710236535179435e-01
5.438187489230187355e-01
9.589926532842800722e-01
2.411548245750104740e-04
-9.588558402751321541e-01
-5.442234412178194036e-01
6.501046188428035721e-01
9.130436351391940653e-01
-1.321127129090587937e-01
-9.879943968817128663e-01
-4.284005867807188506e-01
7.449523034818184009e-01
8.510301837237532752e-01
-2.621421398613167919e-01
-9.997498083138889324e-01
-3.050402912242017317e-01
8.266930169878968782e-01
7.740433870361514979e-01
-3.875593393678316012e-01
-9.939152454396780190e-01
-1.763130020054444191e-01
8.938885824907849553e-01
6.834377797453673464e-01
-5.061576740293729504e-01
-9.705933637536777736e-01
-4.448359548757178927e-02
9.453567359271443094e-01
5.808075109985234574e-01
-6.158504801205483270e-01
-9.301944972176673376e-01
8.812847214728745937e-02
9.801919272393365690e-01
4.679582963609562607e-01
-7.147077811365425415e-01
-8.734294386904860596e-01
2.191899742828180842e-01
9.977812529638711014e-01
3.468756473771176796e-01
-8.009902445259418080e-01
-8.012969339710230843e-01
3.463949655355360036e-01
9.978152398855612004e-01
2.196899377333673131e-01
-8.731797841621070644e-01
-7.150661094888303149e-01
4.675053534255305676e-01
9.802932900257183002e-01
8.863892066173253981e-02
-9.300062701217011174e-01
-6.162541428161831814e-01
5.803902762176897934e-01
9.455236911632139973e-01
-4.397164293246205030e-02
-9.704698758284756588e-01
-5.065995688750003501e-01
6.830635941048539550e-01
8.941181927032983978e-01
-1.758085528955585786e-01
-9.938586693782611725e-01
-3.880316914992645860e-01
7.737188340989135105e-01
8.269812423283789959e-01
-3.045522210269897001e-01
-9.997611395367699272e-01
-2.626366385374215850e-01
8.507609737962891217e-01
7.452940728051774544e-01
-4.279374827868780984e-01
-9.880734360230926105e-01
-1.326206577340613979e-01
9.128345048022639130e-01
6.504939189309655312e-01
-5.437934514532710706e-01
-9.590011966906170082e-01
-2.712991769484001791e-04
9.588472820557218945e-01
5.442487302837495378e-01
-6.500817135199731256e-01
-9.130559294572586637e-01
1.320828327199664032e-01
9.879897394402974431e-01
4.284278246897901266e-01
-7.449321933107738714e-01
-8.510460126426874217e-01
2.621130495587954412e-01
9.997491335952450875e-01
3.050689987423929606e-01
-8.266760557945542764e-01
-7.740624720559994287e-01
3.875315507776096458e-01
9.939185653150593991e-01
1.763426740418786443e-01
-8.938750686967621428e-01
-6.834597850771086947e-01
5.061316760743629350e-01
9.706006198119477846e-01
4.451370998127521933e-02
-9.453469072992182198e-01
-5.808320494720716765e-01
6.158267302185530534e-01
9.302055617930063969e-01
-8.809844504204829285e-02
-9.801859567060851042e-01
-4.679849362371744648e-01
7.146866971522740641e-01
8.734441171085924882e-01
-2.191605628742311629e-01
-9.977792455731029353e-01
-3.469039199439998833e-01
8.009721974189527582e-01
8.013149679742855858e-01
-3.463666872989907275e-01
-9.978172309560647824e-01
-2.197193455527335082e-01
8.731650914599884405e-01
7.150871817802098018e-01
-4.674787058989610666e-01
-9.802992445258500442e-01
-8.866894632134346421e-02
9.299951903333825154e-01
6.162778826418561229e-01
-5.803657282477052703e-01
-9.455335043272580231e-01
4.394152771535942553e-02
9.704626038959216494e-01
5.066255585475414325e-01
-6.830415775976750314e-01
-8.941316918747540532e-01
1.757788779794255130e-01
9.938553332465893675e-01
3.880594737465956623e-01
-7.736997364212517825e-01
-8.269981899977444373e-01
3.045235085234665462e-01
9.997617979031362401e-01
2.626657245482293956e-01
-8.507451309598711431e-01
-7.453141707887808165e-01
4.279102378745555102e-01
9.880780773039516962e-01
1.326505357581276023e-01
-9.128221955519150166e-01
-6.505168136173210547e-01
5.437681534893880064e-01
9.590097392255267916e-01
3.014435290752651327e-04
-9.588387229650242594e-01
-5.442740188551307146e-01
6.500588076064250931e-01
9.130682229456457133e-01
-1.320529524108527142e-01
-9.879850811011134937e-01
-4.284550622095566474e-01
7.449120824628225890e-01
8.510618407882912795e-01
-2.620839590180966128e-01
-9.997484579681470418e-01
-3.050977059833733795e-01
8.266590938500260055e-01
7.740815563724706694e-01
-3.875037618352447644e-01
-9.939218842872847848e-01
-1.763723459180734365e-01
8.938615540904911727e-01
6.834817897878024961e-01
-5.061056776594401452e-01
-9.706078749882504075e-01
-4.454382443452983842e-02
9.453370778122723861e-01
5.808565874178281963e-01
-6.158029797569670727e-01
-9.302166255230844838e-01
8.806841785675566248e-02
9.801799852821563297e-01
4.680115756881431666e-01
-7.146656125185826269e-01
-8.734587947330160196e-01
2.191311512664969596e-01
9.977772372756706920e-01
3.469321921956566857e-01
-8.009541495841346892e-01
-8.013330012494076504e-01
3.463384087477082707e-01
9.978192211198697592e-01
2.197487531724446885e-01
-8.731503979644402724e-01
-7.151082534218025089e-01
4.674520579476020288e-01
9.803051981352014499e-01
8.869897190038251999e-02
-9.299841096999938994e-01
-6.163016219075285740e-01
5.803411797503528202e-01
9.455433166321127736e-01
-4.391141245832792112e-02
-9.704553310815255962e-01
-5.066515477597208772e-01
6.830195604698284795e-01
8.941451902337284041e-01
-1.757492029035653269e-01
-9.938519962118190776e-01
-3.880872556413040297e-01
7.736806380405428785e-01
8.270151369156314436e-01
-3.044947957432282970e-01
-9.997624553610370279e-01
-2.626948103203576301e-01
8.507292873503964348e-01
7.453342680951304811e-01
-4.278829925733985684e-01
-9.880827176869618755e-01
-1.326804136616566709e-01
9.128098854721009570e-01
6.505397077125635308e-01
-5.437428550313925246e-01
-9.590182808890015398e-01
-3.315878809282138341e-04
9.588301630030471312e-01
5.442993069319398414e-01
-6.500359011021802358e-01
-9.130805156043440007e-01
1.320230719817448717e-01
9.879804218641651259e-01
4.284822993399938218e-01
-7.448919709379833165e-01
-8.510776681605505267e-01
2.620548682392467854e-01
9.997477814325956835e-01
3.051264129471170650e-01
-8.266421311543274975e-01
-7.741006399855480113e-01
3.874759725407621591e-01
9.939252023563512894e-01
1.764020176340018453e-01
-8.938480386719841464e-01
-6.835037938774286559e-01
5.060796787846282285e-01
9.706151292825790922e-01
4.457393884730829342e-02
-9.453272474663156899e-01
-5.808811248357708124e-01
6.157792287358119232e-01
9.302276884078913843e-01
-8.803839059143683810e-02
-9.801740129675555746e-01
-4.680382147138381632e-01
7.146445272354874367e-01
8.734734715637432201e-01
-2.191017394596422585e-01
-9.977752280715762589e-01
-3.469604641320624405e-01
8.009361010215039212e-01
8.013510337963727359e-01
-3.463101298817143348e-01
-9.978212103769743546e-01
-2.197781605924741255e-01
8.731357036754762158e-01
7.151293244135891181e-01
-4.674254095714777124e-01
-9.803111508537670771e-01
-8.872899739882240955e-02
9.299730282215453725e-01
6.163253606131786633e-01
-5.803166307256547585e-01
-9.455531280777692560e-01
4.388129716139490405e-02
9.704480573852943825e-01
5.066775365115151475e-01
-6.829975427213343941e-01
-8.941586877802090161e-01
1.757195276680049989e-01
9.938486582739533004e-01
3.881150371833644308e-01
-7.736615389568043399e-01
-8.270320830820245828e-01
3.044660826863010983e-01
9.997631119104716246e-01
2.627238958537798097e-01
-8.507134429678792076e-01
-7.453543647242084624e-01
4.278557468834320310e-01
9.880873571721190407e-01
1.327102914446214033e-01
-9.127975745628329474e-01
-6.505626012166723093e-01
5.437175560793077178e-01
9.590268216810337032e-01
3.617322324798545661e-04
-9.588216021697982816e-01
-5.443245945141539366e-01
6.500129940072595369e-01
9.130928074333424238e-01
-1.319931914326700484e-01
-9.879757617294567806e-01
-4.285095360810767806e-01
7.448718587362739285e-01
8.510934947594508415e-01
-2.620257772222724379e-01
-9.997471039885913457e-01
-3.051551196335978156e-01
8.266251677074740734e-01
7.741197228952139131e-01
-3.874481828941870876e-01
-9.939285195222556935e-01
-1.764316891896368922e-01
8.938345224412536094e-01
6.835257973459671899e-01
-5.060536794499508328e-01
-9.706223826949271771e-01
-4.460405321958320346e-02
9.453174162613571241e-01
5.809056617258770983e-01
-6.157554771551092543e-01
-9.302387504474171065e-01
8.800836324611911732e-02
9.801680397622883900e-01
4.680648533142352519e-01
-7.146234413030075894e-01
-8.734881476007606560e-01
2.190723274536937049e-01
9.977732179608213015e-01
3.469887357531914462e-01
-8.009180517310768854e-01
-8.013690656151646330e-01
3.462818507010345659e-01
9.978231987273767922e-01
2.198075678127950905e-01
-8.731210085931092602e-01
-7.151503947555505336e-01
4.673987607706123204e-01
9.803171026815417077e-01
8.875902281663584914e-02
-9.299619458980470377e-01
-6.163490987587850745e-01
5.802920811736334006e-01
9.455629386642185885e-01
-4.385118182458774827e-02
-9.704407828072343367e-01
-5.067035248029005956e-01
6.829755243522126484e-01
8.941721845141836766e-01
-1.756898522727715073e-01
-9.938453194329951446e-01
-3.881428183727517189e-01
7.736424391700534864e-01
8.270490284969086447e-01
-3.044373693527110403e-01
-9.997637675514394751e-01
-2.627529811484694555e-01
8.506975978123340054e-01
7.453744606759962199e-01
-4.278285008046806559e-01
-9.880919957594189729e-01
-1.327401691069947098e-01
9.127852628241222011e-01
6.505854941296265181e-01
-5.436922566331565676e-01
-9.590353616016153993e-01
-3.918765837027956655e-04
9.588130404652854821e-01
5.443498816017501296e-01
-6.499900863216836466e-01
-9.131050984326298803e-01
1.319633107636553615e-01
9.879711006969926768e-01
4.285367724327808769e-01
-7.448517458577128547e-01
-8.511093205849776799e-01
2.619966859671999937e-01
9.997464256361348056e-01
3.051838260427896521e-01
-8.266082035094812763e-01
-7.741388051014511662e-01
3.874203928955448628e-01
9.939318357849952212e-01
1.764613605849516542e-01
-8.938210053983115522e-01
-6.835478001933981140e-01
5.060276796554314949e-01
9.706296352252882231e-01
4.463416755132721542e-02
-9.453075841974056814e-01
-5.809301980881249605e-01
6.157317250148807153e-01
9.302498116416515472e-01
-8.797833582082977000e-02
-9.801620656663599940e-01
-4.680914914893101741e-01
7.146023547211621807e-01
8.735028228440552267e-01
-2.190429152486780828e-01
-9.977712069434077069e-01
-3.470170070590180011e-01
8.009000017128700133e-01
8.013870967057667993e-01
-3.462535712056947212e-01
-9.978251861710751847e-01
-2.198369748333808549e-01
8.731063127173529503e-01
7.151714644476676597e-01
-4.673721115450301111e-01
-9.803230536185196797e-01
-8.878904815379556892e-02
9.299508627295091090e-01
6.163728363443261582e-01
-5.802675310943110620e-01
-9.455727483914518894e-01
4.382106644793380690e-02
9.704335073473522311e-01
5.067295126338536848e-01
-6.829535053624832264e-01
-8.941856804356401733e-01
1.756601767178917750e-01
9.938419796889476077e-01
3.881705992094406366e-01
-7.736233386803075263e-01
-8.270659731602680864e-01
3.044086557424842132e-01
9.997644222839399131e-01
2.627820662044002553e-01
-8.506817518837751502e-01
-7.453945559504755458e-01
4.278012543371692011e-01
9.880966334488574532e-01
1.327700466487493902e-01
-9.127729502559799313e-01
-6.506083864514052850e-01
5.436669566929620556e-01
9.590439006507389674e-01
4.220209345696456318e-04
-9.588044778895163933e-01
-5.443751681947053278e-01
6.499671780454734371e-01
9.131173886021950459e-01
-1.319334299747280115e-01
