0.000000000000000000e+00
9.983341664682815475e-02
1.986693307950612164e-01
2.955202066613396017e-01
3.894183423086505225e-01
4.794255386042030054e-01
5.646424733950354824e-01
6.442176872376911279e-01
7.173560908995227914e-01
7.833269096274834142e-01
8.414709848078965049e-01
8.912073600614354163e-01
9.320390859672263995e-01
9.635581854171929583e-01
9.854497299884602546e-01
9.974949866040544455e-01
9.995736030415051099e-01
9.916648104524685703e-01
9.738476308781951474e-01
9.463000876874144707e-01
9.092974268256817094e-01
8.632093666488737105e-01
8.084964038195900926e-01
7.457052121767200337e-01
6.754631805511506215e-01
5.984721441039564382e-01
5.155013718214641605e-01
4.273798802338297786e-01
3.349881501559046626e-01
2.392493292139819816e-01
1.411200080598672135e-01
4.158066243329049116e-02
-5.837414342758008579e-02
-1.577456941432486548e-01
-2.555411020268316680e-01
-3.507832276896198365e-01
-4.425204432948524613e-01
-5.298361409084934026e-01
-6.118578909427192514e-01
-6.877661591839741018e-01
-7.568024953079282025e-01
-8.182771110644108115e-01
-8.715757724135881901e-01
-9.161659367494549011e-01
-9.516020738895161202e-01
-9.775301176650970092e-01
-9.936910036334645202e-01
-9.999232575641008314e-01
-9.961646088358405704e-01
-9.824526126243324775e-01
-9.589242746631384540e-01
-9.258146823277321191e-01
-8.834546557201531369e-01
-8.322674422239008107e-01
-7.727644875559871451e-01
-7.055403255703919241e-01
-6.312666378723208460e-01
-5.506855425976375784e-01
-4.646021794137565886e-01
-3.738766648302360163e-01
-2.794154981989258602e-01
-1.821625042720950161e-01
-8.308940281749639667e-02
1.681390048435060097e-02
1.165492048504936373e-01
2.151199880878155168e-01
3.115413635133786885e-01
4.048499206165983022e-01
4.941133511386089361e-01
5.784397643882001061e-01
6.569865987187890610e-01
7.289690401258764885e-01
7.936678638491531101e-01
8.504366206285648433e-01
8.987080958116269169e-01
9.379999767747388972e-01
9.679196720314865443e-01
9.881682338770003682e-01
9.985433453746049848e-01
9.989413418397720124e-01
9.893582466233817874e-01
9.698898108450862976e-01
9.407305566797725671e-01
9.021718337562932843e-01
8.545989080882805400e-01
7.984871126234902583e-01
7.343970978741133360e-01
6.629692300821820039e-01
5.849171928917616947e-01
5.010208564578846335e-01
4.121184852417565936e-01
3.190983623493521271e-01
2.228899141002459172e-01
1.244544235070617066e-01
2.477542545335776475e-02
-7.515112046180930094e-02
-1.743267812229813973e-01
-2.717606264109441727e-01
-3.664791292519283816e-01
-4.575358937753213340e-01
-5.440211108893697745e-01
-6.250706488928834403e-01
-6.998746875935436540e-01
-7.676858097635824718e-01
-8.278264690856537156e-01
-8.796957599716700438e-01
-9.227754216128073450e-01
-9.566350162701884319e-01
-9.809362300664915546e-01
-9.954362533063774165e-01
-9.999902065507034754e-01
-9.945525882039890631e-01
-9.791777291513169557e-01
-9.540192499020889727e-01
-9.193285256646757109e-01
-8.754521746884285083e-01
-8.228285949687078604e-01
-7.619835839190320925e-01
-6.935250847771223803e-01
-6.181371122370332705e-01
-5.365729180004349397e-01
-4.496474645345998611e-01
-3.582292822368270402e-01
-2.632317913658009378e-01
-1.656041754483094097e-01
-6.632189735120068430e-02
3.362304722113847177e-02
1.332320414199439640e-01
2.315098251015389463e-01
3.274744391376930297e-01
4.201670368266409161e-01
5.086614643723752494e-01
5.920735147072244686e-01
6.695697621966023583e-01
7.403758899524486292e-01
8.037844265516209674e-01
8.591618148564967861e-01
9.059547423084626239e-01
9.436956694441047677e-01
9.720075013949759368e-01
9.906073556948703507e-01
9.993093887479177484e-01
9.980266527163615953e-01
9.867719642746133335e-01
9.656577765492774246e-01
9.348950555246829941e-01
8.947911721405034102e-01
8.457468311429333641e-01
7.882520673753162788e-01
7.228813495119760235e-01
6.502878401571168254e-01
5.711968696599871720e-01
4.863986888537981113e-01
3.967405731306120620e-01
3.031183567457022554e-01
2.064674819377965986e-01
1.077536522994422957e-01
7.963183785935567041e-03
-9.190685022768163570e-02
-1.908585813741893733e-01
-2.879033166650653008e-01
-3.820714171840091100e-01
-4.724219863984661649e-01
-5.580522712867793667e-01
-6.381066823479502048e-01
-7.117853423691230530e-01
-7.783520785342984416e-01
-8.371417780197467629e-01
-8.875670335815045719e-01
-9.291240127343697308e-01
-9.613974918795568092e-01
-9.840650050816434069e-01
-9.969000660415960891e-01
-9.997744310730111161e-01
-9.926593804706327351e-01
-9.756260054681575866e-01
-9.488444979181239747e-01
-9.125824497911845246e-01
-8.672021794855813148e-01
-8.131571116614864092e-01
-7.509872467716761646e-01
-6.813137655554999395e-01
-6.048328224062841096e-01
-5.223085896267315453e-01
-4.345656220718935314e-01
-3.424806184696125300e-01
-2.469736617366208864e-01
-1.489990258141987989e-01
-4.953564087836741930e-02
5.042268780681476853e-02
1.498772096629523431e-01
2.478342079829598255e-01
3.433149288198987237e-01
4.353653603728931953e-01
5.230657651576994249e-01
6.055398697196010538e-01
6.819636200681356009e-01
7.515734153521506089e-01
8.136737375071053657e-01
8.676441006416690804e-01
9.129452507276276663e-01
9.491245536478946088e-01
9.758205177669763142e-01
9.927664058359071397e-01
9.997929001426693052e-01
9.968297942787992527e-01
9.839066946186161289e-01
9.611527245021155297e-01
9.287952340772404058e-01
8.871575286923494286e-01
8.366556385360560677e-01
7.777941618010928426e-01
7.111612229059799395e-01
6.374225961502388849e-01
5.573150535176584208e-01
4.716390030941961520e-01
3.812504916549401268e-01
2.870526513277250613e-01
1.899866757954377372e-01
9.102241619984433041e-02
-8.851309290403876207e-03
-1.086365954240797599e-01
-2.073364206067622451e-01
-3.039646088110470323e-01
-3.975556831214361320e-01
-4.871745124605095234e-01
-5.719256551095638352e-01
-6.509623056662495744e-01
-7.234947560442449577e-01
-7.887982859754185672e-01
-8.462204041751706374e-01
-8.951873678196817785e-01
-9.352099151945402200e-01
-9.658881542360704398e-01
-9.869155581206493499e-01
-9.980820279793962690e-01
-9.992759921366276554e-01
-9.904855208971559133e-01
-9.717984457438633150e-01
-9.434014817545542941e-01
-9.055783620066237827e-01
-8.587070026099294928e-01
-8.032557266939526208e-01
-7.397785850778934025e-01
-6.689098203780216023e-01
-5.913575298651243539e-01
-5.078965903906220714e-01
-4.193609160732281183e-01
-3.266351261047222287e-01
-2.306457059273922250e-01
-1.323517500977730299e-01
-3.273537933084531837e-02
6.720807252547847388e-02
1.664800035371592490e-01
2.640885213844728630e-01
3.590583540221682912e-01
4.504405942753892944e-01
5.373221810064747750e-01
6.188350221200392687e-01
6.941646682522445433e-01
7.625584504796026897e-01
8.233330007380815774e-01
8.758810798108910278e-01
9.196776446620198442e-01
9.542850944926980494e-01
9.793576431039170416e-01
9.946447738778381176e-01
9.999937428570206954e-01
9.953511049115590925e-01
9.807632477451521114e-01
9.563759284045030284e-01
9.224328169230857632e-01
8.792730616507226094e-01
8.273279005953786402e-01
7.671163526355277984e-01
6.992400316550977379e-01
6.243771354163913934e-01
5.432756692322449066e-01
4.567459721441928244e-01
3.656526202826180239e-01
2.709057883078690443e-01
1.734521552458921090e-01
7.426544558435776988e-02
-2.566329986055948878e-02
-1.253356260964326452e-01
-2.237556401867964173e-01
-3.199399618841980986e-01
-4.129275492405433678e-01
-5.017893010205740634e-01
-5.856373399743004526e-01
-6.636338842129675397e-01
-7.349996180487776698e-01
-7.990214786596159247e-01
-8.550597807770702330e-01
-9.025546082101869594e-01
-9.410314083429535126e-01
-9.701057337071853359e-01
-9.894870832545356043e-01
-9.989818049469494365e-01
-9.984950306638145090e-01
-9.880316240928618265e-01
-9.676961321338052313e-01
-9.376917403002799078e-01
-8.983182425573547070e-01
-8.499690458793262016e-01
-7.931272394572851381e-01
-7.283607678315934253e-01
-6.563167561777877301e-01
-5.777150444457317402e-01
-4.933409949567751918e-01
-4.040376453230650200e-01
-3.106972850943722220e-01
-2.142525402958842251e-01
-1.156670549372369322e-01
-1.592586260009824783e-02
8.397445569174682989e-02
1.830357289805880083e-01
2.802681697690229679e-01
3.747002636494620176e-01
4.653884763549586134e-01
5.514266812416905861e-01
6.319552130068849527e-01
7.061694571803344145e-01
7.733278895662251129e-01
8.327594853077797676e-01
8.838704235458306746e-01
9.261500206805285407e-01
9.591758329530803984e-01
9.826178773641408570e-01
9.962419287548636149e-01
9.999118601072671808e-01
9.935910026803949080e-01
9.773425123922586666e-01
9.513287387867804812e-01
9.158096028908190300e-01
8.711400001691763650e-01
8.177662545264418048e-01
7.562216587860629557e-01
6.871211462047391860e-01
6.111551462625960385e-01
5.290826861200238485e-01
4.417238066692237841e-01
3.499513689566621788e-01
2.546823328440281919e-01
1.568685950484099978e-01
5.748747810492456367e-02
-4.246803471695152071e-02
-1.419992209740016942e-01
-2.401115979537813971e-01
-3.358248592171418911e-01
-4.281826694961510249e-01
-5.162622200799269478e-01
-5.991834492142652513e-01
-6.761178353877694835e-01
-7.462966756449163075e-01
-8.090187662119064926e-01
-8.636574086929560412e-01
-9.096666718335282287e-01
-9.465868462849627019e-01
-9.740490378683264172e-01
-9.917788534431157821e-01
-9.995991425528029106e-01
-9.974317674536479217e-01
-9.852983838412026074e-01
-9.633202244737608666e-01
-9.317168878547055222e-01
-8.908041440768613706e-01
-8.409907797521015693e-01
-7.827745135506499752e-01
-7.167370231606574604e-01
-6.435381333569994977e-01
-5.639092232502624924e-01
-4.786459185884149869e-01
-3.886001421273367895e-01
-2.946716015002576183e-01
-1.977987996364622691e-01
-9.894965755028954646e-02
8.881568057175921174e-04
1.007170969925076098e-01
1.995397052387873904e-01
2.963685787093853219e-01
3.902362353079461554e-01
4.802047804382589824e-01
5.653752781370287028e-01
6.448967329448727082e-01
7.179745927716441045e-01
7.838786877982929502e-01
8.419505260923049184e-01
8.916098730414439011e-01
9.323605488661915741e-01
9.637953862840877850e-01
9.856002987906330448e-01
9.975574189078051379e-01
9.995472750438917364e-01
9.915499852141400616e-01
9.736454556949780681e-01
9.460125826269081273e-01
9.089274645434137767e-01
8.627606436856751770e-01
8.079734036669810049e-01
7.451131604793488350e-01
6.748079928938668370e-01
5.977603669052548030e-01
5.147401169238320362e-01
4.265767538445667251e-01
3.341511768484205502e-01
2.383868717488920597e-01
1.402406838270716105e-01
4.069325734985775739e-02
-5.926076270339342145e-02
-1.586226688047089883e-01
-2.563996696330180236e-01
-3.516148097168163011e-01
-4.433167308503271897e-01
-5.305891777502096396e-01
-6.125601529754698404e-01
-6.884106296376704126e-01
-7.573827348468307186e-01
-8.187873221268476831e-01
-8.720108571392771735e-01
-9.165215479156337830e-01
-9.518746583469646083e-01
-9.777169518400209425e-01
-9.937902207405465704e-01
-9.999338662588037607e-01
-9.960865031195940134e-01
-9.822865729036345250e-01
-9.586719599519926138e-01
-9.254786136713279987e-01
-8.830381910054154737e-01
-8.317747426285982959e-01
-7.722004759716072364e-01
-7.049106374142480869e-01
-6.305775647803225636e-01
-5.499439695603417499e-01
-4.638155159838273645e-01
-3.730527710886221149e-01
-2.785626062195502572e-01
-1.812891358696878119e-01
-8.220428440043632545e-02
1.770192510541357747e-02
1.174312628270957337e-01
2.159872661882240863e-01
3.123851961814975153e-01
4.056618765553423600e-01
4.948853175526281012e-01
5.791640280442709177e-01
6.576559230138694367e-01
7.295767373928583321e-01
7.942078621778232428e-01
8.509035245341184384e-01
8.990972401445820328e-01
9.383074733335543538e-01
9.681424484121911034e-01
9.883040641716380748e-01
9.985908724117704693e-01
9.989000907450210631e-01
9.892286295640171367e-01
9.696731229119189832e-01
9.404289629470035106e-01
9.017883476488092187e-01
8.541373612725007280e-01
7.979521167226308886e-01
7.337939983903691843e-01
6.623040529862375125e-01
5.841965844132855912e-01
5.002520166785869860e-01
4.113090961545671220e-01
3.182565111024814875e-01
2.220240121930754373e-01
1.235731227452240011e-01
2.388753150273885753e-02
-7.603673605835356564e-02
-1.752012696871541320e-01
-2.726152501430805786e-01
-3.673053491341913279e-01
-4.583254544917658713e-01
-5.447661234103110539e-01
-6.257636692994791305e-01
-7.005087914549743555e-01
-7.682546613236668209e-01
-8.283243845676454553e-01
-8.801177643686619589e-01
-9.231172983963595868e-01
-9.568933495204897666e-01
-9.811084386030970439e-01
-9.955206164785154188e-01
-9.999858814294444453e-01
-9.944596180045146561e-01
-9.789970428011283143e-01
-9.537526527594718528e-01
-9.189786814801520487e-01
-8.750225789894466866e-01
-8.223235401334871852e-01
-7.614081162885362186e-01
-6.928849542336956713e-01
-6.174387147534617926e-01
-5.358232317335148709e-01
-4.488539801016981912e-01
-3.573999278721046724e-01
-2.623748537039287676e-01
-1.647282167271321984e-01
-6.543566986070695202e-02
3.451068858880983192e-02
1.341122276456641893e-01
2.323737616554845398e-01
3.283134938514034040e-01
4.209728261427711504e-01
5.094259371104353784e-01
5.927890325083183809e-01
6.702291758433747138e-01
7.409726108017196111e-01
8.043124923659140668e-01
8.596159493767497883e-01
9.063304079726667295e-01
9.439891127251193170e-01
9.722157903045389737e-01
9.907284090790483555e-01
9.993419970813105513e-01
9.979704901872807898e-01
9.866275920404853350e-01
9.654266371297417493e-01
9.345794583884147189e-01
8.943942706297660639e-01
8.452725909664230430e-01
7.877052269841179344e-01
7.222673727545130262e-01
6.496128616861956973e-01
5.704676336373722956e-01
4.856224815647726123e-01
3.959251501818341623e-01
3.022718655737268723e-01
2.055983804026011719e-01
1.068706241762814452e-01
7.075051999923831839e-03
-9.279121175730868643e-02
-1.917303363993658472e-01
-2.887537548977434088e-01
-3.828920413264837452e-01
-4.732045970455711070e-01
-5.587890488516162879e-01
-6.387902651926438136e-01
-7.124089003598540470e-01
-7.789093812857416088e-01
-8.376272571470314565e-01
-8.879758383376633590e-01
-9.294520584774159655e-01
-9.616415008848645529e-01
-9.842225392918887428e-01
-9.969695514270245917e-01
-9.997551733586198530e-01
-9.925515720731387104e-01
-9.754307235734309689e-01
-9.485636937183058448e-01
-9.122189289890163533e-01
-8.667595742607592246e-01
-8.126398443791079673e-01
-7.504004857954386098e-01
-6.806633736071227014e-01
-6.041252979871214457e-01
-5.215510020869118524e-01
-4.337655409756839830e-01
-3.416460379628514787e-01
-2.461129206718594142e-01
-1.481207244316293248e-01
-4.864855487508726317e-02
5.130969496069949509e-02
1.507552752851691047e-01
2.486945587320578133e-01
3.441489683555870593e-01
4.361647552478249423e-01
5.238225280825323793e-01
6.062464393693456355e-01
6.826129366324095171e-01
7.521589910744791441e-01
8.141897215084344941e-01
8.680853373804214845e-01
9.133073315121646996e-01
9.494038606867033492e-01
9.760142603164517761e-01
9.928726480845371238e-01
9.998105805530252965e-01
9.967587361940651869e-01
9.837476080276857937e-01
9.609071989456184903e-01
9.284657227653786427e-01
8.867473239932280871e-01
8.361688390794310699e-01
7.772356315262219928e-01
7.105365424627442250e-01
6.367380071391378626e-01
5.565773961257935998e-01
4.708556477503866855e-01
3.804292653868415197e-01
2.862017595567467598e-01
1.891146203508915213e-01
9.013791037146545726e-02
-9.739427812760560396e-03
-1.095194528537082740e-01
-2.082051957240595996e-01
-3.048106211022166834e-01
-3.983704795113227060e-01
-4.879499517729242175e-01
-5.726539894112199214e-01
-6.516362576815601937e-01
-7.241075918674495515e-01
-7.893438823535511295e-01
-8.466933096895726818e-01
-8.955828573547731652e-01
-9.355240371496177376e-01
-9.661177700083929398e-01
-9.870583734653219921e-01
-9.981366159327037524e-01
-9.992418072737843104e-01
-9.903629047820112774e-01
-9.715886235161091955e-01
-9.431065498885319309e-01
-9.052012673640456031e-01
-8.582515129958141475e-01
-8.027263932099596433e-01
-7.391806966492228126e-01
-6.682493509082150229e-01
-5.906410785467989255e-01
-5.071313157685258810e-01
-4.185544645184189894e-01
-3.257955554145617327e-01
-2.297814048146880339e-01
-1.314713543735398227e-01
-3.184768561814293325e-02
6.809419468450522706e-02
1.673557003028069146e-01
2.649450430841295279e-01
3.598871425741427266e-01
4.512333686984277836e-01
5.380710201605988230e-01
6.195324438519511645e-01
6.948037041545391812e-01
7.631327155167837439e-01
8.238367570437217235e-01
8.763092940185041035e-01
9.200260381967907408e-01
9.545501863215947180e-01
9.795367845170094290e-01
9.947361749533432107e-01
9.999964903456065590e-01
9.952651713612277184e-01
9.805894917755311191e-01
9.561160861278065193e-01
9.220894845974522136e-01
8.788496697392534918e-01
8.268286794901034131e-01
7.665462903887036994e-01
6.986048241402639247e-01
6.236831294170677165e-01
5.425297990269575266e-01
4.559556902214899621e-01
3.648258228782291779e-01
2.700507365081656896e-01
1.725773924458181285e-01
7.337971212463936799e-02
-2.655115402396679425e-02
-1.262167298182242381e-01
-2.246211897698277837e-01
-3.207813090431450576e-01
-4.137362875127194028e-01
-5.025573497604872708e-01
-5.863570250928336058e-01
-6.642980148543038421e-01
-7.356015584390793727e-01
-7.995552144094876246e-01
-8.555199789753222817e-01
-9.029366707085487720e-01
-9.413315176992298472e-01
-9.703208913278908998e-01
-9.896151393558494380e-01
-9.990214800346349788e-01
-9.984459283175105559e-01
-9.878942349269819179e-01
-9.674718288954815559e-01
-9.373827641533214461e-01
-8.979276806892912965e-01
-8.495008006552359214e-01
-7.925859894286710894e-01
-7.277519209898311026e-01
-6.556463959192523339e-01
-5.769898687885426369e-01
-4.925682496163789059e-01
-4.032250513154762572e-01
-3.098529615903106160e-01
-2.133849234966926356e-01
-1.147848137831872228e-01
-1.503781215316092948e-02
8.485944232504580298e-02
1.839088093063429574e-01
2.811206202572348323e-01
3.755235668966250273e-01
4.661744061871846423e-01
5.521673849078803098e-01
6.326432896408475948e-01
7.067980317478022023e-01
7.738906815578890930e-01
8.332508714921063042e-01
8.842854941544844305e-01
9.264846284651933050e-01
9.594266346233836229e-01
9.827823669926928352e-01
9.963184628156721567e-01
9.998996738972930620e-01
9.934902179602213002e-01
9.771541361694928707e-01
9.510546532543746601e-01
9.154525466208049966e-01
8.707035407497848434e-01
8.172547529159183144e-01
7.556402257394118083e-01
6.864755912087755485e-01
6.104519194894315604e-01
5.283288139791364468e-01
4.409268216018489839e-01
3.491192341741322647e-01
2.538233627620362642e-01
1.559913722120568613e-01
5.660076743484057649e-02
-4.335537350085837127e-02
-1.428783218759319407e-01
-2.409736772881010958e-01
-3.366613033721284620e-01
-4.289851209982792901e-01
-5.170226610990434901e-01
-5.998942816750875151e-01
-6.767719568873076241e-01
-7.468875504173858593e-01
-8.095404904318834749e-01
-8.641047694644947708e-01
-9.100351992756844366e-01
-9.468728581933475441e-01
-9.742496765065002950e-01
-9.918921140961228788e-01
-9.996238935576389206e-01
-9.973677615064544533e-01
-9.851462604682473811e-01
-9.630815036414969166e-01
-9.313939547827833065e-01
-8.904002254057892252e-01
-8.405099113037166614e-01
-7.822215000035424026e-01
-7.161173900433740469e-01
-6.428580718388389181e-01
-5.631755282811168328e-01
-4.778659210058768259e-01
-3.877816354094304474e-01
-2.938227638955261400e-01
-1.969281124496838342e-01
-9.806582040002381762e-02
1.776312910836963955e-03
1.016006978902495028e-01
2.004099222810822312e-01
2.972167169751810945e-01
3.910538204800486639e-01
4.809836434758993362e-01
5.661076368981803331e-01
6.455752699428913832e-01
7.185925282891343358e-01
7.844298476278218635e-01
8.424294032270538413e-01
8.920116826993704784e-01
9.326812762980208893e-01
9.640318268873361296e-01
9.857500901289508732e-01
9.976190643156520599e-01
9.995201585807312883e-01
9.914343778187080236e-01
9.734425124781551641e-01
9.457243313302303722e-01
9.085567852785590981e-01
8.623112401573289620e-01
8.074497661666382164e-01
7.445205210198249102e-01
6.741522729327357188e-01
5.970481181796262193e-01
5.139784559875352210e-01
4.257732909618934247e-01
3.333139399549109316e-01
2.375242262388255199e-01
1.393612489692457601e-01
3.980582016666965595e-02
-6.014733523297120105e-02
-1.594995183410157225e-01
-2.572580349853417214e-01
-3.524461143822807396e-01
-4.441126687075083734e-01
-5.313417960511532812e-01
-6.132619318068891490e-01
-6.890545570574642120e-01
-7.579623769450642978e-01
-8.192968873112808081e-01
-8.724452540030348535e-01
-9.168764361088418413e-01
-9.521464919441091634e-01
-9.779030147696511355e-01
-9.938886539233752204e-01
-9.999436861830073298e-01
-9.960076116677349933e-01
-9.821197583330205649e-01
-9.584188890186744469e-01
-9.251418149764184529e-01
-8.826210297301380070e-01
-8.312813869105228903e-01
-7.716358552579827279e-01
-7.042803932086152408e-01
-6.298879942744538551e-01
-5.492019627147793903e-01
-4.630284866857026782e-01
-3.722285830745181157e-01
-2.777094945036767126e-01
-1.804156244623087990e-01
-8.131910113877603707e-02
1.858993576280033172e-02
1.183132281712646894e-01
2.168543739129812631e-01
3.132287824330851622e-01
4.064735124988005377e-01
4.956568935898942319e-01
5.798878348426355078e-01
6.583247285350505296e-01
7.301838591531669698e-01
7.947472340173277194e-01
8.513697572276861525e-01
8.994856752492581542e-01
9.386142297341663054e-01
9.683644611001853697e-01
9.884391148696274332e-01
9.986376117378207296e-01
9.988580516952360044e-01
9.890982321786865317e-01
9.694556700786148840e-01
9.401266273825523712e-01
9.014041501902338993e-01
8.536751406938050124e-01
7.974164913790544595e-01
7.331903200732922121e-01
6.616383534498448959e-01
5.834755151072988921e-01
4.994827822891515501e-01
4.104993826174394012e-01
3.174144088076693571e-01
2.211579351483332345e-01
1.226917245061025091e-01
2.299961870908475911e-02
-7.692229167539689494e-02
-1.760756199485870865e-01
-2.734696588301265274e-01
-3.681312792776723630e-01
-4.591146536707108039e-01
-5.455107062073859536e-01
-6.264561960895026482e-01
-7.011423427391905161e-01
-7.688229068670624500e-01
-8.288216466485920364e-01
-8.805390745088115256e-01
-9.234584470040597681e-01
-9.571509279516265956e-01
-9.812798732191279072e-01
-9.956041943614264422e-01
-9.999807674966553206e-01
-9.943658633527528989e-01
-9.788155841958815495e-01
-9.534853032751422486e-01
-9.186281123844103336e-01
-8.745922930528202688e-01
-8.218178366308225291e-01
-7.608320480420605048e-01
-6.922442771269088357e-01
-6.167398302202296012e-01
-5.350731227970839665e-01
-4.480601416026091521e-01
-3.565702915822195895e-01
-2.615177090748213029e-01
-1.638521280645949540e-01
-6.454939075307358776e-02
3.539830273366068036e-02
1.349923080806175180e-01
2.332375149077431375e-01
3.291522895839962826e-01
4.217782833859938241e-01
5.101900080017630623e-01
5.935040827039852473e-01
6.708880607981837496e-01
7.415687471550055365e-01
8.048399237202817913e-01
8.600694058124531693e-01
9.067053587029004769e-01
9.442818113661253232e-01
9.724233123082512975e-01
9.908486809542003115e-01
9.993738171110836399e-01
9.979135404364561923e-01
9.864824415321480355e-01
9.651947361597889019e-01
9.342631240346854771e-01
8.939966636005578504e-01
8.447976840197342074e-01
7.871577652331793740e-01
7.216528262561684448e-01
6.489373707859243945e-01
5.697379476169630586e-01
4.848458912057275749e-01
3.951094149183200788e-01
3.014251359628438154e-01
2.047291166867429568e-01
1.059875117511568515e-01
6.186914632952485518e-03
-9.367550009112812770e-02
-1.926019401833156675e-01
-2.896039653549144499e-01
-3.837123634350305679e-01
-4.739868344181605853e-01
-5.595253856309881924e-01
-6.394733441451048161e-01
-7.130318963862961601e-01
-7.794660696158046687e-01
-8.381120755349470430e-01
-8.883839426383546289e-01
-9.297793710476144335e-01
-9.618847513255586179e-01
-9.843792971250844293e-01
-9.970382503802721619e-01
-9.997351270146861424e-01
-9.924429807284650407e-01
-9.752346722368395726e-01
-9.482821412699472541e-01
-9.118546886078812141e-01
-8.663162853163361987e-01
-8.121219360679937660e-01
-7.498131328862884803e-01
-6.800124447360528235e-01
-6.034172970202327235e-01
-5.207930031358367629e-01
-4.329651177153739372e-01
-3.408111879579515668e-01
-2.452519854676543376e-01
-1.472423062080784328e-01
-4.776143049672074842e-02
5.219666164034443556e-02
1.516332219882075560e-01
2.495547133052437860e-01
3.449827364187683099e-01
4.369638060661144019e-01
5.245788778042907996e-01
6.069525307981571416e-01
6.832617147361209620e-01
7.527439734767462642e-01
8.147050632584580399e-01
8.685258893537881608e-01
9.136686918591765405e-01
9.496824188142243273e-01
9.762072329637551116e-01
9.929781071327171693e-01
9.998274722901328015e-01
9.966868918434462765e-01
9.835877454343449067e-01
9.606609154037420994e-01
9.281354790587077463e-01
8.863364198077126055e-01
8.356813800338722675e-01
7.766764881502717932e-01
7.099113015321779629e-01
6.360529158546611717e-01
5.558392996930537899e-01
4.700719209849693603e-01
3.796077390275217067e-01
2.853506420233332119e-01
1.882424157284425803e-01
8.925333344024909132e-02
-1.062753865243581952e-02
-1.104022238919028231e-01
-2.090738066043791588e-01
-3.056563929518626432e-01
-3.991849616575549042e-01
-4.887250061793564915e-01
-5.733818719904228978e-01
-6.523096956714200534e-01
-7.247198564981747193e-01
-7.898888560793435598e-01
-8.471655473131000091e-01
-8.959776404338033462e-01
-9.358374211421290889e-01
-9.663466236851203650e-01
-9.872004101959774847e-01
-9.981904165332236012e-01
-9.992068341863536984e-01
-9.902395074461586288e-01
-9.713780348772248496e-01
-9.428108740786820263e-01
-9.048234586781892519e-01
-8.577953463734550033e-01
-8.021964265171922515e-01
-7.385822251380613768e-01
-6.675883543081652105e-01
-5.899241613174026622e-01
