-6.777586855656196618e-02 1.362420111260377875e-01 -3.086403445693700412e-02 -2.705770188194622089e-02 5.377830888263275544e-02 8.954982884570089272e-03 -1.248980518497101039e-01 -8.528888297738394797e-02 -7.544002434349493524e-02 -2.270983855582970126e-02
1.335575202005956585e+00 1.403957243015351963e+00 1.523090674026634117e+00 1.411289690007873077e+00 7.682058159192760582e-01 7.377929242747510719e-01 4.654408695582411548e-01 1.285491550104602976e-01 4.120626821054620414e-01 8.906950924502620159e-01
1.518578804445056774e+00 1.188506099471727362e+00 1.417304271795683190e+00 1.030539987169679206e+00 1.267020547328434166e+00 1.057265657053746866e+00 1.564470369559153973e+00 1.313883839169392775e+00 1.614984709442744748e+00 9.070850975302103825e-01
-3.500706870429580175e-01 -7.508296143881573181e-01 -2.241411621639030349e-01 -3.037843051401531991e-01 -5.815962558057420351e-01 -1.592558226169366042e-01 -4.844373560642486476e-01 -7.956888090087322896e-01 -4.432906457529697808e-01 -1.030826742006685004e+00
1.395711218377674534e+00 1.248011023275871434e+00 3.567248358480850090e-01 1.167185740619692158e+00 1.069580745349816508e+00 1.557673823178265637e+00 7.673470387413565685e-01 1.105890010246589394e+00 6.649686824542159203e-01 8.946382369944867463e-01
-7.170835212066668518e-01 -2.593823314697373261e-01 -4.027271264727908529e-01 -6.005205777558256797e-01 -4.815569516840119690e-01 -5.881099036431990390e-01 -3.296383162471409056e-01 -6.200591548202615266e-01 -5.755205637103285587e-01 -4.490461641682628180e-01
-6.118252768533605224e-01 -5.970792000501838892e-01 -5.394999906521722455e-01 -5.360112296349740513e-01 -3.301998126988062165e-01 -6.132867607519297826e-01 -4.572188388768362866e-01 -4.962250920193923553e-01 -6.352234694601895937e-01 -1.277376356085408171e-01
-7.799804237824671249e-01 -9.538300229689274934e-01 -7.592845536043297816e-01 -7.737946042344380215e-01 -6.733597955589903927e-01 -9.252313692532451173e-01 -9.942104966822961076e-01 -7.181739864920958505e-01 -8.560909849840631081e-01 -8.381028290109584500e-01
1.756321037234594318e+00 1.233299878020749585e+00 1.151643532660502123e+00 1.798788009734815896e+00 1.694879692290443218e+00 1.342218939082983287e+00 3.880731596840787390e-01 5.374145199375348625e-01 2.580463036950731426e-01 8.568792402049623114e-01
4.246535814718605528e-01 8.117566100669311169e-01 7.879719725213387704e-01 6.540903809350967490e-01 1.250805995496915735e+00 9.011834156451603572e-01 5.429629255907311158e-01 1.095456716797834851e+00 8.407967918598440171e-01 5.004800298098533995e-01
