-5.119414413571636846e-01 -3.043777754443343087e-01 -5.308960097007590084e-01 -4.057837498865877746e-01 -3.168272884434421011e-01 -5.414972970803879626e-01 -4.668118692772898481e-01 -5.202089380337487912e-01 -5.521642470973390227e-01 -3.650699181060881870e-01
3.751128470693206318e-01 5.949089686741411420e-02 2.526123243419688968e-01 7.076125426926382911e-01 3.580121739701142003e-01 1.579192292678834042e-01 2.998932433890524885e-01 5.678355928863052515e-01 -1.975189727950750485e-01 3.199653706898050731e-02
1.174617690239799783e-01 -4.734004979117358708e-02 -2.637044499202298789e-02 -6.663071757108617044e-02 -2.487654550036824397e-01 -2.173756561495721606e-01 -7.737035058964117362e-02 -3.979731738680845066e-01 -1.063070386142161844e-01 -1.587136961899566490e-01
2.581994095270879974e+00 2.552265086370772096e+00 2.816006374508048804e+00 2.513190667769084730e+00 2.670715185833158589e+00 2.462082038552978247e+00 2.930946200797383216e+00 2.623396394217639482e+00 2.605004748983329677e+00 2.584327859956161433e+00
2.208873961322176949e-01 1.882720718720194142e-01 5.015487857068680055e-01 3.669965915496556930e-01 2.390728165331646449e-01 3.634576422935794637e-01 4.045724555954059998e-01 3.799642912602922418e-01 1.451549593923534831e-01 4.903281385413233440e-01
-2.000024910978410661e-02 -1.226835888681812869e-01 -1.238152982923755030e-01 -2.793893799693369373e-01 -2.111182999631532609e-01 -5.206137306386120212e-02 -2.496704018929039870e-01 3.942971360142647624e-02 -2.413796747754270167e-01 -9.707933847187044663e-02
-2.340717685884970423e-01 -2.899207030677863894e-01 -3.197957822358952207e-01 4.392469330925299897e-02 -3.478215841683108822e-01 -3.194983914054566054e-01 1.561333205978457372e-02 -5.427250076919871713e-01 -3.810835678502784429e-02 -5.675369702532415683e-01
-6.027516570780053762e-01 -4.934471489999803229e-01 -1.061312323040912720e+00 -1.014139276305879633e+00 2.117855256821277732e-01 -1.128664193219347078e+00 -1.102540869319317274e+00 -2.515412843547999988e-01 -1.979120435284654478e-01 -1.201680914814407863e+00
1.041009602112410892e+00 6.911146572645180397e-01 7.420857354942310691e-01 7.478983473825061568e-01 6.134218515719056519e-01 7.551918363713093774e-01 7.087854700987170631e-01 7.316120071387041124e-01 4.673750852574067305e-01 4.651079127952196801e-01
3.576785330105367589e-01 3.886640006396624436e-02 -8.875083225731436598e-02 1.975863233203629665e-01 -1.703621270033139901e-01 2.202168219064883081e-01 4.545565672686431302e-01 -1.808814175376664002e-01 -7.447789298094971422e-02 1.036736390897179533e-01
